OFF
237 318 0
-1.57556 61.3096 -59.6032
-17.2722 61.3096 -67.4515
-10.9935 59.7399 -61.1728
-9.42388 59.7399 -64.3122
-10.9935 62.8793 -61.1728
-17.2722 58.1703 -67.4515
-1.57556 61.3096 -62.7425
-9.42388 62.8793 -64.3122
-14.1329 61.3096 -69.0212
-14.1329 58.1703 -69.0212
-4.71489 48.7523 -54.8942
-4.71489 48.0887 -59.6032
17.2604 61.3096 -67.4515
14.1211 61.3096 -69.0212
9.41208 62.8793 -64.3122
3.13343 56.6006 -61.1728
10.9817 59.7399 -61.1728
14.1211 58.1703 -69.0212
17.2604 58.1703 -67.4515
10.9817 62.8793 -61.1728
9.41208 59.7399 -64.3122
4.70309 48.0887 -59.6032
1.56377 61.3096 -62.7425
-3.14522 56.6006 -61.1728
1.56377 61.3096 -59.6032
4.70309 48.7523 -54.8942
3.13343 56.6006 -58.0335
-3.14522 56.6006 -58.0335
-9.42388 22.068 -7.80431
-4.71489 23.6377 -1.52566
-4.71489 28.3467 -6.23464
-0.005897 28.3467 -4.66497
-0.005897 23.6377 0.04401
-4.71489 20.4984 -1.52566
-0.005897 20.4984 0.04401
-0.005897 14.2197 -7.80431
-9.42388 18.9287 -7.80431
-9.42388 9.51073 -25.0706
-15.7025 23.6377 -25.0706
-9.42388 26.777 -12.5133
-7.85421 48.7523 -54.8942
-7.85421 45.613 -59.6032
-4.71489 47.1826 -64.3122
-15.7025 39.3343 -48.6155
-7.85421 42.4737 -48.6155
-15.7025 39.3343 -56.4639
-7.85421 41.1832 -40.7672
-7.85421 39.3343 -62.7425
-21.9812 15.7894 -61.1728
-20.4115 18.9287 -58.0335
-21.9812 15.7894 -112.972
-21.9812 17.359 -48.6155
-21.9812 18.9287 -112.972
-21.9812 15.7894 -134.947
-9.42388 23.6377 -112.972
-12.5632 15.7894 -112.972
-12.5632 15.7894 -61.1728
-9.42388 22.068 -116.111
-12.5632 17.359 -122.39
-9.42388 26.777 -72.1605
-9.42388 28.3467 -69.0212
-15.7025 18.9287 -58.0335
-15.7025 7.17596 -40.7672
-17.2722 6.3714 -48.6155
-18.8419 4.80174 -67.4515
-0.005897 0.092754 -67.4515
-20.4115 4.80174 -112.972
-20.4115 14.2197 -40.7672
-21.9812 14.2197 -48.6155
-15.7025 6.3714 -139.656
-15.7025 37.7647 -40.7672
-20.4115 22.068 -48.6155
-20.4115 22.068 -40.7672
-18.8419 22.068 -56.4639
-15.7025 22.068 -56.4639
-21.9812 17.359 -40.7672
-17.2722 15.7894 -25.0706
-17.2722 18.9287 -25.0706
-0.005897 2.27244 -40.7672
-6.28455 36.3727 -25.0706
-12.5632 33.0557 -25.0706
9.41208 22.068 -7.80431
4.70309 23.6377 -1.52566
4.70309 28.3467 -6.23464
4.70309 20.4984 -1.52566
9.41208 9.51073 -25.0706
9.41208 18.9287 -7.80431
-0.005897 37.7647 -25.0706
9.41208 26.777 -12.5133
7.84242 48.7523 -53.3245
4.70309 47.1826 -64.3122
15.6907 39.3343 -48.6155
7.84242 42.4737 -48.6155
15.6907 39.3343 -56.4639
7.84242 48.7523 -54.8942
7.84242 45.613 -59.6032
7.84242 39.3343 -62.7425
21.9694 15.7894 -61.1728
20.3997 18.9287 -58.0335
21.9694 17.359 -48.6155
21.9694 17.359 -40.7672
21.9694 18.9287 -112.972
21.9694 15.7894 -134.947
9.41208 23.6377 -112.972
12.5514 15.7894 -112.972
9.41208 22.068 -116.111
12.5514 17.359 -122.39
15.6907 18.9287 -58.0335
9.41208 26.777 -72.1605
12.5514 15.7894 -61.1728
17.2604 6.3714 -48.6155
-0.005897 1.01295 -48.6155
-0.005897 1.66242 -112.972
20.3997 4.80174 -134.947
15.6907 7.17596 -40.7672
20.3997 14.2197 -40.7672
21.9694 14.2197 -48.6155
18.8301 4.80174 -67.4515
21.9694 15.7894 -112.972
20.3997 4.80174 -112.972
15.6907 6.3714 -139.656
20.3997 22.068 -48.6155
20.3997 22.068 -40.7672
18.8301 22.068 -56.4639
9.41208 28.3467 -69.0212
15.6907 22.068 -56.4639
17.2604 18.9287 -25.0706
-0.005897 5.41176 -25.0706
17.2604 15.7894 -25.0706
7.84242 41.1832 -40.7672
-0.005897 42.1531 -40.7672
6.27275 36.3727 -25.0706
15.6907 37.7647 -40.7672
12.5514 33.0557 -25.0706
15.6907 23.6377 -25.0706
20.3997 15.7894 -139.656
12.5514 15.7894 -134.947
-12.5632 15.7894 -134.947
-0.005897 1.66242 -134.947
-20.4115 4.80174 -134.947
-20.4115 15.7894 -139.656
-0.005897 44.0433 -48.6155
-7.85421 48.7523 -53.3245
-4.71489 23.6377 -1.52566
-0.005897 23.6377 0.04401
-4.71489 20.4984 -1.52566
-15.7025 23.6377 -25.0706
-9.42388 26.777 -12.5133
-9.42388 18.9287 -7.80431
-17.2722 15.7894 -25.0706
-9.42388 22.068 -7.80431
-18.8419 56.6006 -76.8695
-18.8419 53.4613 -76.8695
-17.2722 58.1703 -67.4515
-14.1329 61.3096 -69.0212
-17.2722 61.3096 -67.4515
-14.1329 58.1703 -69.0212
-21.9812 53.4613 -75.2998
-21.9812 56.6006 -75.2998
-4.71489 47.1826 -64.3122
-7.85421 39.3343 -62.7425
-7.85421 45.613 -59.6032
-9.42388 23.6377 -112.972
-9.42388 22.068 -116.111
-21.9812 15.7894 -112.972
-21.9812 15.7894 -61.1728
-12.5632 15.7894 -61.1728
-20.4115 18.9287 -58.0335
-20.4115 15.7894 -139.656
-12.5632 15.7894 -134.947
-12.5632 15.7894 -112.972
-21.9812 15.7894 -134.947
-12.5632 17.359 -122.39
-12.5632 17.359 -134.947
-20.4115 22.068 -40.7672
-21.9812 17.359 -40.7672
-21.9812 17.359 -48.6155
-20.4115 22.068 -48.6155
-15.7025 22.068 -56.4639
-15.7025 18.9287 -58.0335
-18.8419 22.068 -56.4639
-15.7025 39.3343 -56.4639
-9.42388 26.777 -72.1605
-9.42388 28.3467 -69.0212
-17.2722 18.9287 -25.0706
-0.005897 20.4984 0.04401
4.70309 23.6377 -1.52566
4.70309 20.4984 -1.52566
9.41208 26.777 -12.5133
9.41208 18.9287 -7.80431
17.2604 15.7894 -25.0706
17.2604 18.9287 -25.0706
9.41208 22.068 -7.80431
21.9694 53.4613 -75.2998
18.8301 56.6006 -76.8695
17.2604 61.3096 -67.4515
14.1211 58.1703 -69.0212
18.8301 53.4613 -76.8695
14.1211 61.3096 -69.0212
17.2604 58.1703 -67.4515
21.9694 56.6006 -75.2998
4.70309 40.904 -69.0212
4.70309 47.1826 -64.3122
7.84242 39.3343 -62.7425
7.84242 45.613 -59.6032
7.84242 29.9163 -120.82
21.9694 15.7894 -112.972
21.9694 15.7894 -61.1728
12.5514 15.7894 -112.972
12.5514 15.7894 -61.1728
15.6907 18.9287 -58.0335
20.3997 18.9287 -58.0335
20.3997 15.7894 -139.656
21.9694 15.7894 -134.947
12.5514 15.7894 -134.947
9.41208 22.068 -116.111
12.5514 17.359 -122.39
12.5514 17.359 -134.947
20.3997 22.068 -40.7672
21.9694 17.359 -48.6155
20.3997 22.068 -48.6155
15.6907 22.068 -56.4639
18.8301 22.068 -56.4639
15.6907 39.3343 -56.4639
9.41208 28.3467 -69.0212
9.41208 26.777 -72.1605
9.41208 23.6377 -112.972
7.84242 31.486 -114.541
15.6907 23.6377 -25.0706
21.9694 17.359 -40.7672
-4.71489 40.904 -69.0212
6.27275 36.195 -72.1605
-6.28455 36.195 -72.1605
7.84242 34.6253 -75.2998
-7.85421 34.6253 -75.2998
-7.85421 31.486 -114.541
-7.85421 29.9163 -120.82
3 6 7 0
3 0 7 4
3 8 1 4
3 8 4 7
3 3 23 2
3 2 23 27
3 2 5 9
3 2 9 3
3 2 4 1
3 1 5 2
3 27 0 2
3 2 0 4
3 6 23 3
3 6 3 7
3 7 3 8
3 9 8 3
3 11 10 27
3 11 27 23
3 14 22 24
3 14 24 19
3 12 13 19
3 19 13 14
3 15 20 16
3 15 16 26
3 18 16 17
3 17 16 20
3 19 16 12
3 18 12 16
3 24 26 16
3 24 16 19
3 15 22 20
3 20 22 14
3 20 14 13
3 13 17 20
3 25 21 26
3 26 21 15
3 6 0 24
3 24 22 6
3 21 11 15
3 23 15 11
3 15 23 6
3 6 22 15
3 27 26 0
3 24 0 26
3 10 25 26
3 26 27 10
3 28 29 39
3 30 39 29
3 29 32 30
3 31 30 32
3 33 36 35
3 33 35 34
3 127 35 37
3 35 36 37
3 37 36 76
3 30 31 87
3 30 87 79
3 38 39 80
3 39 30 79
3 39 79 80
3 40 44 142
3 142 44 141
3 41 40 42
3 46 44 43
3 46 43 70
3 43 44 45
3 41 45 40
3 40 45 44
3 130 141 44
3 130 44 46
3 45 41 47
3 49 48 68
3 49 68 51
3 48 49 52
3 48 52 50
3 75 51 68
3 75 68 67
3 50 52 53
3 59 54 55
3 59 55 56
3 55 54 57
3 55 57 58
3 61 59 56
3 74 60 61
3 61 60 59
3 78 62 111
3 111 62 63
3 63 64 65
3 63 65 111
3 64 66 112
3 64 112 65
3 112 66 138
3 139 138 66
3 62 67 63
3 63 67 68
3 63 68 48
3 63 48 64
3 64 48 50
3 64 50 66
3 66 50 139
3 53 139 50
3 139 53 140
3 139 140 69
3 70 43 71
3 70 71 72
3 43 45 73
3 43 73 71
3 47 60 74
3 47 74 45
3 75 67 76
3 75 76 77
3 37 62 78
3 37 78 127
3 76 67 62
3 76 62 37
3 79 87 46
3 46 87 130
3 70 80 46
3 46 80 79
3 80 70 72
3 80 72 38
3 82 81 88
3 88 83 82
3 32 82 83
3 83 31 32
3 86 84 35
3 35 84 34
3 35 127 85
3 86 35 85
3 86 85 128
3 31 83 87
3 87 83 131
3 88 134 133
3 83 88 131
3 131 88 133
3 92 94 89
3 92 89 141
3 94 95 90
3 92 129 91
3 91 129 132
3 92 91 93
3 93 95 94
3 93 94 92
3 141 130 92
3 92 130 129
3 95 93 96
3 97 98 116
3 116 98 99
3 98 97 101
3 101 97 118
3 99 100 116
3 116 100 115
3 101 118 102
3 103 108 104
3 104 108 109
3 103 104 105
3 105 104 106
3 108 107 109
3 124 125 107
3 124 107 108
3 114 78 111
3 114 111 110
3 117 110 65
3 65 110 111
3 119 117 112
3 112 117 65
3 119 112 138
3 138 113 119
3 115 114 110
3 115 110 116
3 116 110 97
3 97 110 117
3 97 117 118
3 118 117 119
3 118 119 113
3 113 102 118
3 102 113 135
3 135 113 120
3 91 132 121
3 121 132 122
3 93 91 123
3 123 91 121
3 124 96 125
3 125 96 93
3 115 100 128
3 128 100 126
3 114 85 78
3 78 85 127
3 115 128 114
3 114 128 85
3 87 131 129
3 87 129 130
3 133 132 129
3 133 129 131
3 132 133 122
3 122 133 134
3 140 137 135
3 136 135 137
3 139 113 138
3 69 120 113
3 113 139 69
3 69 140 135
3 135 120 69
3 42 40 90
3 94 90 40
3 142 89 40
3 94 40 89
3 141 89 142
3 185 144 145
3 143 145 144
3 145 143 150
3 150 148 145
3 146 184 147
3 147 184 150
3 148 150 149
3 184 149 150
3 157 152 158
3 151 158 152
3 153 156 152
3 152 157 153
3 158 151 154
3 154 155 158
3 156 154 152
3 151 152 154
3 155 153 157
3 157 158 155
3 159 230 160
3 159 160 161
3 162 235 236
3 162 236 163
3 170 164 165
3 165 166 170
3 166 165 179
3 167 179 165
3 169 168 171
3 169 171 170
3 164 170 171
3 170 172 173
3 173 169 170
3 163 236 172
3 172 236 173
3 174 177 175
3 176 175 177
3 177 180 176
3 176 180 167
3 179 167 180
3 180 178 179
3 178 180 181
3 183 232 234
3 183 234 182
3 182 234 162
3 162 234 235
3 183 160 232
3 232 160 230
3 146 174 184
3 175 184 174
3 144 185 187
3 187 186 144
3 186 187 192
3 189 192 187
3 191 228 188
3 191 188 192
3 192 189 190
3 190 191 192
3 197 193 200
3 200 194 197
3 196 199 197
3 193 197 199
3 194 200 198
3 195 198 200
3 198 196 197
3 197 194 198
3 199 195 193
3 200 193 195
3 201 202 203
3 203 202 204
3 227 226 205
3 205 226 215
3 206 208 207
3 209 207 208
3 207 209 210
3 210 211 207
3 212 214 213
3 213 214 208
3 208 206 213
3 216 208 217
3 214 217 208
3 205 215 216
3 205 216 217
3 220 218 229
3 229 219 220
3 222 220 219
3 222 219 211
3 211 210 222
3 221 222 210
3 222 221 223
3 231 224 233
3 233 224 225
3 233 225 226
3 233 226 227
3 203 224 231
3 203 231 201
3 218 228 191
3 191 229 218
3 169 173 217
3 217 214 169
3 201 230 159
3 159 202 201
3 231 232 201
3 230 201 232
3 233 234 232
3 232 231 233
3 227 235 233
3 234 233 235
3 205 236 235
3 235 227 205
3 217 173 205
3 236 205 173
